234201779052
234201918307
234201634592
234201627915
234201627964
234201664204
234201685358
234201708535
234201635950
234201659177
234201659185
234201691333
234201691341
234201708186
234201708501
234201805577
234201769668
234201773009
234201718136
234201718144
234201721777
234201774051
234201727507
234201743418
234201772811
234201600936
234201628369
234201602239
234201636881
234201713013
234201717390
234201638860
234201694761
234201703980
234201706173
234201618689
234201790217
234201608387
234201609491
234201612220
234201740707
234201746502
234201740693
234201772774
234201853888
234201723722
234201778752
234201817443
234201717843
234201749686
234201789164
234201840060
234201887221
234201627931
234201622939
234201622954
234201627949
234201627956
234201627980
234201628008
234201613248
234201611398
234201613007
234201602205
234201733202
234201927769
234201867909
234201940504
234201952948
234201939307
234201912224
234201622826
234201715353
234201637238
234201640687
234201651337
234201659193
234201694779
234201705928
234201604794
234201604831
234201617886
234201604928
234201604993
234201617766
234201617790
234201615442
234201605514
234201611202
234201611236
234201611380
234201608481
234201608473
234201779796
234201788537
234201788545
234201788578
234201772766
234201772782
234201744039
234201788552
234201727515
234201793248
234201772803
234201772790
234201600864
234201600902
234201600928
234201628065
234201628344
234201602221
234201603726
234201603718
234201603742
234201603767
234201603783
234201607178
234201602247
234201602582
234201607081
234201607838
234201698587
234201631944
234201636044
234201651345
234201671733
234201694570
234201704187
234201705936
234201618232
234201618648
234201600370
234201618663
234201609505
234201609434
234201609547
234201609617
234201611315
234201604632
234201613015
234201613222
234201605398
234201603838
234201605427
234201605563
234201605443
234201612175
234201611323
234201814296
234201801680
234201857792
234201779037
234201804646
234201808359
234201809065
234201766169
234201788586
234201792212
234201741231
234201771930
234201774077
234201755359
234201808342
234201738508
234201836463
234201836471
234201802149
234201968621
234201986200
234201989639
234201989909
234201889473
234201887213
234201979663
234201979655
234201981395
234201981710
234201979959
234201983141
234201978144
234201600347
234201600425
234201600409
234201627893
234201627907
234201627923
234201627972
234201628129
234201618622
234201622875
234201636978
234201660581
234201615617
234201615625
234201604856
234201604849
234201604898
234201604902
234201604951
234201604969
234201604864
234201617782
234201604823
234201604910
234201604936
234201617774
234201617803
234201617878
234201615539
234201615521
234201611173
234201611165
234201611199
234201611331
234201611349
234201608503
234201608529
234201608578
234201608586
234201608594
234201608615
234201608631
234201608457
234201608499
234201608545
234201608552
234201608607
234201608623
234201608649
234201608656
234201734006
234201600898
234201600910
234201622867
234201628057
234201602089
234201602184
234201603647
234201603662
234201603775
234201603791
234201607145
234201607152
234201607194
234201607223
234201607820
234201602645
234201602660
234201607065
234201636960
234201640695
234201615547
234201615596
234201618655
234201609596
234201613056
234201608353
234201611157
234201613031
234201613049
234201613230
234201602127
234201603812
234201605323
234201605349
234201602637
234201602686
234201602716
234201605380
234201606167
234201612204
234201611307
234201612134
234201946581
234201949483
234201896674
234201898845
234201905470
234201892315
234201694795
234201622947
234201601117
234201695252
234201815024
234201738516
234201968613
234201876572
234201627885
234201606212
234201611356
234201608560
234201628377
234201602342
234201615609
234201613255
234201922535
234201608440
234201774069
234201601125
234201602678
234201628016
234201617837
234201617852
234201604944
234201612191
234201611364
234201608664
234201608465
234201607040
234201603853
234201605293
234201604880
234201605003
234201694787
234201608537
234201673608
234201712514
234201622962
234201615658
234201602757
234201612183
234201600872
234201746208
234201604815
234201602629
234201612118
234201849109
234202020342
234202025613